# Модели оружия (низкополигональные силуэты).
# Система координат: начало — верх пистолетной рукояти, Z — к дулу, Y — вверх, метры.
# Ось ствола на y = 0.045. Линия прицела должна проходить через "sight" и верх мушки.
# Команды:
#   gun <id>
#   ext <цвет> <ширина> <x> z,y z,y ...    — профиль, вытянутый по X (ширина), центр по x
#   cyl <цвет> <ось z|y|x> <x> <y> <z> <диаметр> <длина>
#   box <цвет> <x> <y> <z> <sx> <sy> <sz>
#   mesh m4                               — готовая модель M4 из присланного FBX
#   mag / pump / dot / glass               — следующая деталь — магазин / цевьё-помпа / светящаяся точка / стекло
#   a <muzzle|grip|fore|sight> <x> <y> <z>
# Цвета: body accent metal dark wood olive glass amber dot white

gun e11
mesh m4
ext accent 0.064 0 0.17,0.02 0.17,0.085 0.4,0.085 0.4,0.02
cyl accent z 0 0.04 0.29 0.072 0.2
box metal 0 0.104 0.12 0.026 0.008 0.42
ext dark 0.036 0 0.04,0.106 0.06,0.118 0.16,0.118 0.17,0.106
ext dark 0.04 0 0.07,0.118 0.075,0.165 0.08,0.17 0.15,0.17 0.155,0.165 0.16,0.118
glass
box glass 0 0.141 0.115 0.03 0.04 0.003
dot
box dot 0 0.141 0.118 0.004 0.004 0.002
box accent 0 0.172 0.115 0.042 0.004 0.09
a sight 0 0.141 -0.05
a fore 0 0.015 0.28
a grip 0 -0.035 -0.005
a muzzle 0 0.048 0.664

gun ak
ext body 0.05 0 -0.07,0.005 -0.07,0.068 -0.04,0.084 0.22,0.084 0.25,0.07 0.25,0.005
ext accent 0.056 0 0.25,0.0 0.25,0.062 0.47,0.06 0.5,0.048 0.5,0.012 0.47,0.0
cyl accent z 0 0.088 0.37 0.036 0.24
cyl metal z 0 0.045 0.62 0.022 0.34
cyl metal z 0 0.045 0.8 0.032 0.06
ext metal 0.022 0 0.64,0.035 0.64,0.072 0.66,0.104 0.675,0.104 0.69,0.072 0.69,0.035
ext metal 0.032 0 0.15,0.083 0.15,0.095 0.2,0.104 0.23,0.104 0.24,0.084
ext accent 0.044 0 -0.07,0.064 -0.07,0.012 -0.31,-0.058 -0.36,-0.062 -0.37,-0.05 -0.37,0.05 -0.34,0.056
ext metal 0.048 0 -0.37,-0.062 -0.38,-0.062 -0.38,0.052 -0.37,0.052
ext dark 0.032 0 -0.035,0.004 -0.005,0.004 -0.03,-0.1 -0.068,-0.106 -0.06,-0.004
ext metal 0.008 0 0.0,0.004 0.07,0.004 0.07,-0.026 0.0,-0.026 0.0,-0.018 0.062,-0.018 0.062,-0.004 0.0,-0.004
mag
ext dark 0.03 0 0.06,0.006 0.13,0.006 0.15,-0.08 0.18,-0.17 0.12,-0.195 0.09,-0.1
a sight 0 0.104 -0.08
a fore 0 0.015 0.38
a muzzle 0 0.045 0.83

gun p90
ext body 0.07 0 -0.25,-0.02 -0.25,0.085 -0.2,0.1 0.19,0.1 0.25,0.08 0.27,0.03 0.21,-0.025 0.16,-0.03 0.15,-0.1 0.12,-0.12 0.1,-0.04 0.03,-0.035 0.02,-0.11 -0.03,-0.115 -0.04,-0.03 -0.15,-0.03 -0.2,-0.11 -0.24,-0.11
ext accent 0.072 0 0.14,-0.03 0.15,-0.1 0.12,-0.12 0.1,-0.04
ext accent 0.072 0 -0.25,-0.02 -0.24,-0.11 -0.2,-0.11 -0.17,-0.03
mag
ext amber 0.05 0 -0.2,0.1 -0.2,0.12 0.19,0.12 0.19,0.1
cyl metal z 0 0.045 0.29 0.02 0.06
ext dark 0.03 0 0.0,0.12 0.0,0.148 0.08,0.148 0.08,0.12
glass
box glass 0 0.141 0.04 0.022 0.02 0.003
dot
box dot 0 0.141 0.043 0.004 0.004 0.002
a sight 0 0.141 -0.12
a fore 0 -0.04 0.13
a grip 0 -0.035 -0.005
a muzzle 0 0.045 0.32

gun crossvec
ext body 0.055 0 -0.06,-0.02 -0.06,0.085 0.26,0.085 0.29,0.06 0.29,0.0 0.2,-0.04 0.14,-0.05 0.12,-0.02 0.0,-0.02
ext dark 0.034 0 -0.035,0.0 -0.005,0.0 -0.03,-0.1 -0.068,-0.104 -0.06,0.0
mag
ext dark 0.03 0 0.13,-0.04 0.17,-0.04 0.19,-0.2 0.15,-0.2
ext dark 0.04 0 -0.06,0.07 -0.06,0.03 -0.3,0.03 -0.3,0.0 -0.33,0.0 -0.33,0.09 -0.3,0.09 -0.3,0.06
cyl dark z 0 0.045 0.38 0.045 0.2
box metal 0 0.092 0.12 0.026 0.012 0.34
ext dark 0.036 0 0.03,0.098 0.05,0.11 0.15,0.11 0.16,0.098
ext dark 0.04 0 0.06,0.11 0.065,0.155 0.07,0.16 0.14,0.16 0.145,0.155 0.15,0.11
glass
box glass 0 0.132 0.105 0.03 0.04 0.003
dot
box dot 0 0.132 0.108 0.004 0.004 0.002
a sight 0 0.132 -0.06
a fore 0 0.0 0.23
a muzzle 0 0.045 0.49

gun vector
ext body 0.055 0 -0.06,-0.02 -0.06,0.085 0.26,0.085 0.29,0.06 0.29,0.0 0.2,-0.04 0.14,-0.05 0.12,-0.02 0.0,-0.02
ext accent 0.056 0 0.2,-0.04 0.29,0.0 0.29,0.03 0.22,0.0
ext dark 0.034 0 -0.035,0.0 -0.005,0.0 -0.03,-0.1 -0.068,-0.104 -0.06,0.0
mag
ext dark 0.03 0 0.13,-0.04 0.17,-0.04 0.18,-0.17 0.14,-0.17
ext dark 0.04 0 -0.06,0.07 -0.06,0.03 -0.3,0.03 -0.3,0.0 -0.33,0.0 -0.33,0.09 -0.3,0.09 -0.3,0.06
cyl metal z 0 0.045 0.33 0.022 0.1
box metal 0 0.092 0.12 0.026 0.012 0.34
ext dark 0.036 0 0.03,0.098 0.05,0.11 0.15,0.11 0.16,0.098
ext dark 0.04 0 0.06,0.11 0.065,0.155 0.07,0.16 0.14,0.16 0.145,0.155 0.15,0.11
glass
box glass 0 0.132 0.105 0.03 0.04 0.003
dot
box dot 0 0.132 0.108 0.004 0.004 0.002
a sight 0 0.132 -0.06
a fore 0 -0.01 0.22
a muzzle 0 0.045 0.39

gun fsp9
ext body 0.05 0 -0.05,0.0 -0.05,0.08 0.2,0.08 0.22,0.07 0.22,0.0
cyl dark z 0 0.045 0.3 0.05 0.16
cyl metal z 0 0.045 0.42 0.022 0.08
ext dark 0.032 0 -0.035,0.0 -0.005,0.0 -0.03,-0.1 -0.068,-0.104 -0.06,0.0
mag
ext dark 0.026 0 0.07,0.0 0.11,0.0 0.135,-0.15 0.095,-0.15
ext metal 0.012 0 -0.05,0.06 -0.05,0.03 -0.27,0.0 -0.29,0.0 -0.29,0.07 -0.27,0.07
ext metal 0.026 0 0.0,0.08 0.0,0.103 0.03,0.103 0.04,0.08
ext metal 0.026 0 0.37,0.07 0.37,0.103 0.385,0.103 0.39,0.07
a sight 0 0.103 -0.06
a fore 0 0.0 0.28
a muzzle 0 0.045 0.47

gun frmg
ext body 0.07 0 -0.08,-0.005 -0.08,0.09 0.0,0.11 0.3,0.11 0.33,0.085 0.33,-0.005
ext olive 0.072 0 0.33,0.0 0.33,0.08 0.58,0.075 0.6,0.06 0.6,0.01 0.58,0.0
cyl metal z 0 0.045 0.78 0.03 0.4
cyl dark z 0 0.045 0.99 0.05 0.08
ext dark 0.034 0 -0.035,0.0 -0.005,0.0 -0.03,-0.1 -0.068,-0.104 -0.06,0.0
ext body 0.05 0 -0.08,0.08 -0.08,0.0 -0.34,-0.04 -0.37,-0.04 -0.37,0.07 -0.34,0.08
mag
ext olive 0.11 0 0.06,0.0 0.2,0.0 0.21,-0.13 0.05,-0.13
ext metal 0.024 0 0.05,0.11 0.06,0.15 0.2,0.15 0.21,0.11 0.19,0.11 0.18,0.135 0.08,0.135 0.07,0.11
cyl metal y 0.025 -0.06 0.62 0.012 0.22
cyl metal y -0.025 -0.06 0.62 0.012 0.22
box metal 0 0.113 0.0 0.026 0.008 0.2
ext dark 0.04 0 -0.06,0.117 -0.055,0.165 -0.05,0.17 0.02,0.17 0.025,0.165 0.03,0.117
glass
box glass 0 0.142 -0.015 0.03 0.04 0.003
dot
box dot 0 0.142 -0.012 0.004 0.004 0.002
a sight 0 0.142 -0.14
a fore 0 0.0 0.45
a muzzle 0 0.045 1.04

gun logicer
ext body 0.07 0 -0.08,-0.005 -0.08,0.09 0.0,0.11 0.3,0.11 0.33,0.085 0.33,-0.005
ext accent 0.072 0 0.33,0.0 0.33,0.08 0.56,0.075 0.58,0.06 0.58,0.01 0.56,0.0
cyl metal z 0 0.045 0.78 0.03 0.42
ext metal 0.024 0 0.96,0.04 0.96,0.1 0.98,0.1 0.985,0.04
ext dark 0.034 0 -0.035,0.0 -0.005,0.0 -0.03,-0.1 -0.068,-0.104 -0.06,0.0
ext accent 0.05 0 -0.08,0.08 -0.08,0.0 -0.36,-0.05 -0.39,-0.05 -0.39,0.07 -0.36,0.08
mag
ext olive 0.11 0 0.06,0.0 0.2,0.0 0.21,-0.13 0.05,-0.13
ext metal 0.024 0 0.05,0.11 0.06,0.15 0.2,0.15 0.21,0.11 0.19,0.11 0.18,0.135 0.08,0.135 0.07,0.11
ext metal 0.03 0 -0.02,0.11 -0.02,0.1 0.02,0.1 0.02,0.11
cyl metal y 0.025 -0.06 0.62 0.012 0.22
cyl metal y -0.025 -0.06 0.62 0.012 0.22
a sight 0 0.1 -0.1
a fore 0 0.0 0.45
a muzzle 0 0.045 1.0

gun dmr
ext body 0.056 0 -0.07,0.0 -0.07,0.085 0.2,0.085 0.22,0.07 0.22,0.0
ext accent 0.06 0 0.22,0.0 0.22,0.08 0.55,0.075 0.57,0.06 0.57,0.01 0.55,0.0
cyl metal z 0 0.045 0.78 0.022 0.42
cyl dark z 0 0.045 0.99 0.038 0.06
ext accent 0.048 0 -0.07,0.08 -0.07,0.0 -0.2,-0.05 -0.34,-0.06 -0.37,-0.06 -0.37,0.08 -0.34,0.09 -0.2,0.1 -0.1,0.1
ext dark 0.034 0 -0.035,0.0 -0.005,0.0 -0.03,-0.1 -0.068,-0.104 -0.06,0.0
mag
ext dark 0.03 0 0.06,0.0 0.13,0.0 0.135,-0.1 0.065,-0.1
box metal 0 0.092 0.1 0.026 0.014 0.3
cyl dark z 0 0.15 0.08 0.044 0.32
cyl dark z 0 0.15 0.23 0.058 0.06
cyl dark z 0 0.15 -0.07 0.052 0.05
ext dark 0.02 0 0.0,0.099 0.0,0.13 0.03,0.13 0.03,0.099
ext dark 0.02 0 0.15,0.099 0.15,0.13 0.18,0.13 0.18,0.099
glass
cyl glass z 0 0.15 0.262 0.048 0.004
a sight 0 0.15 -0.1
a fore 0 0.0 0.4
a muzzle 0 0.045 1.03

gun svd
ext body 0.05 0 -0.07,0.005 -0.07,0.068 -0.04,0.084 0.22,0.084 0.25,0.07 0.25,0.005
ext accent 0.056 0 0.25,0.0 0.25,0.07 0.5,0.068 0.53,0.05 0.53,0.012 0.5,0.0
cyl metal z 0 0.045 0.78 0.02 0.52
cyl metal z 0 0.045 1.06 0.03 0.07
ext accent 0.044 0 -0.07,0.07 -0.07,0.0 -0.17,-0.03 -0.17,0.02 -0.22,0.03 -0.24,-0.005 -0.36,-0.065 -0.4,-0.065 -0.4,0.06 -0.3,0.07 -0.25,0.085 -0.12,0.085
ext dark 0.03 0 -0.17,0.03 -0.17,-0.02 -0.22,0.025
mag
ext dark 0.03 0 0.06,0.006 0.13,0.006 0.14,-0.07 0.15,-0.12 0.08,-0.13 0.075,-0.06
box metal 0 0.095 0.1 0.022 0.012 0.18
cyl dark z 0 0.15 0.09 0.042 0.3
cyl dark z 0 0.15 0.24 0.054 0.05
cyl dark z 0 0.15 -0.05 0.05 0.05
ext dark 0.02 0 0.04,0.1 0.04,0.13 0.08,0.13 0.08,0.1
glass
cyl glass z 0 0.15 0.267 0.046 0.004
a sight 0 0.15 -0.1
a fore 0 0.01 0.38
a muzzle 0 0.045 1.1

gun m870
ext body 0.052 0 -0.06,0.0 -0.06,0.075 0.24,0.075 0.25,0.065 0.25,0.0
cyl metal z 0 0.055 0.53 0.028 0.58
cyl metal z 0 0.022 0.48 0.026 0.46
pump
ext accent 0.056 0 0.28,-0.005 0.28,0.042 0.46,0.042 0.46,-0.005 0.44,-0.015 0.3,-0.015
ext accent 0.045 0 -0.06,0.07 -0.06,0.0 -0.2,-0.05 -0.36,-0.07 -0.39,-0.07 -0.39,0.07 -0.36,0.075 -0.2,0.08
ext dark 0.034 0 -0.035,0.0 -0.005,0.0 -0.03,-0.1 -0.068,-0.104 -0.06,0.0
ext metal 0.008 0 0.0,0.004 0.07,0.004 0.07,-0.026 0.0,-0.026 0.0,-0.018 0.062,-0.018 0.062,-0.004 0.0,-0.004
mag
box metal 0 0.0 0.12 0.02 0.01 0.03
ext metal 0.012 0 0.8,0.069 0.8,0.083 0.812,0.083 0.812,0.069
box metal 0 0.079 0.1 0.012 0.008 0.3
a sight 0 0.083 -0.08
a fore 0 -0.005 0.37
a muzzle 0 0.055 0.83

gun saiga
ext body 0.05 0 -0.07,0.005 -0.07,0.068 -0.04,0.084 0.22,0.084 0.25,0.07 0.25,0.005
ext dark 0.056 0 0.25,0.0 0.25,0.062 0.46,0.06 0.48,0.045 0.48,0.012 0.46,0.0
cyl metal z 0 0.045 0.6 0.03 0.28
cyl dark z 0 0.045 0.76 0.042 0.05
ext metal 0.022 0 0.6,0.035 0.6,0.07 0.62,0.1 0.635,0.1 0.65,0.07 0.65,0.035
ext metal 0.032 0 0.15,0.083 0.15,0.095 0.2,0.1 0.23,0.1 0.24,0.084
ext dark 0.042 0 -0.07,0.07 -0.07,0.03 -0.3,0.03 -0.3,-0.05 -0.34,-0.05 -0.34,0.08 -0.3,0.08 -0.28,0.07
ext dark 0.032 0 -0.035,0.004 -0.005,0.004 -0.03,-0.1 -0.068,-0.106 -0.06,-0.004
mag
ext dark 0.04 0 0.06,0.006 0.14,0.006 0.15,-0.1 0.07,-0.1
a sight 0 0.1 -0.08
a fore 0 0.015 0.36
a muzzle 0 0.045 0.79

gun com15
ext body 0.03 0 -0.075,0.02 -0.075,0.07 0.15,0.07 0.155,0.055 0.155,0.02
ext dark 0.028 0 -0.07,0.022 -0.07,0.005 -0.02,0.0 0.0,-0.005 0.1,0.012 0.15,0.012 0.15,0.022
ext dark 0.03 0 -0.06,0.005 -0.02,0.005 -0.035,-0.095 -0.075,-0.1
ext metal 0.008 0 -0.02,0.0 0.035,0.0 0.035,-0.026 -0.01,-0.026 -0.01,-0.018 0.027,-0.018 0.027,-0.008 -0.02,-0.008
mag
ext metal 0.024 0 -0.065,-0.06 -0.03,-0.06 -0.035,-0.105 -0.075,-0.11
ext metal 0.02 0 0.13,0.07 0.13,0.085 0.14,0.085 0.14,0.07
ext metal 0.026 0 -0.07,0.07 -0.07,0.085 -0.05,0.085 -0.05,0.07
a sight 0 0.085 -0.12
a fore 0 -0.05 -0.02
a muzzle 0 0.045 0.16

gun pm
ext metal 0.028 0 -0.07,0.02 -0.07,0.065 0.12,0.065 0.13,0.05 0.13,0.02
ext dark 0.026 0 -0.07,0.022 0.12,0.022 0.12,0.0 -0.01,0.0 -0.03,0.01
ext accent 0.03 0 -0.06,0.005 -0.02,0.005 -0.03,-0.09 -0.07,-0.095
ext metal 0.008 0 -0.02,0.0 0.03,0.0 0.03,-0.024 -0.01,-0.024 -0.01,-0.016 0.022,-0.016 0.022,-0.008 -0.02,-0.008
mag
ext metal 0.024 0 -0.06,-0.06 -0.025,-0.06 -0.03,-0.1 -0.068,-0.104
ext metal 0.018 0 0.11,0.065 0.11,0.078 0.12,0.078 0.12,0.065
ext metal 0.024 0 -0.065,0.065 -0.065,0.078 -0.05,0.078 -0.05,0.065
a sight 0 0.078 -0.12
a fore 0 -0.05 -0.02
a muzzle 0 0.045 0.135

gun rpg
cyl olive z 0 0.08 0.05 0.07 1.0
cyl wood z 0 0.08 -0.08 0.085 0.28
cyl metal z 0 0.08 -0.5 0.09 0.1
ext dark 0.03 0 -0.035,0.04 -0.005,0.04 -0.03,-0.06 -0.068,-0.066 -0.06,0.04
ext dark 0.03 0 0.17,0.04 0.2,0.04 0.18,-0.06 0.145,-0.066 0.15,0.04
mag
cyl olive z 0 0.08 0.64 0.06 0.16
ext olive 0.11 0 0.72,0.08 0.72,0.135 0.85,0.105 0.88,0.08 0.85,0.055 0.72,0.025
ext dark 0.03 0 -0.03,0.12 -0.03,0.155 0.03,0.155 0.03,0.12
ext metal 0.012 0 0.36,0.12 0.36,0.155 0.37,0.155 0.37,0.12
a sight 0 0.155 -0.12
a fore 0 -0.04 0.18
a grip 0 -0.035 -0.005
a muzzle 0 0.08 0.58

gun gl
cyl olive z 0 0.06 0.2 0.06 0.36
mag
cyl dark z 0 0.035 0.06 0.15 0.14
ext dark 0.05 0 -0.06,0.0 -0.06,0.05 -0.3,0.0 -0.33,0.0 -0.33,0.09 -0.3,0.09 -0.06,0.08
ext dark 0.032 0 -0.035,0.004 -0.005,0.004 -0.03,-0.1 -0.068,-0.106 -0.06,-0.004
ext dark 0.032 0 0.21,0.03 0.24,0.03 0.23,-0.08 0.195,-0.085
ext dark 0.04 0 0.0,0.1 0.005,0.145 0.01,0.15 0.08,0.15 0.085,0.145 0.09,0.1
glass
box glass 0 0.128 0.04 0.03 0.04 0.003
dot
box dot 0 0.128 0.043 0.004 0.004 0.002
a sight 0 0.128 -0.08
a fore 0 -0.04 0.23
a muzzle 0 0.06 0.39
